4628
4633
5133
220
7210
6393
8529
7449
2297
1037
7760
5038
8047
6286
1889
364
5450
8012
4897
4927
974
8559
1907
7946
4178
2363
4072
1696
1989
5806
2218
4044
5054
5226
6050
5054
673
2618
2553
2643
9741
6690
4876
9965
4623
1090
6167
5944
8410
3456
1928
6997
2900
5706
5896
6240
8934
6218
4553
5120
3879
3262
3943
5129
3303
8256
430
3103
7628
195
1720
466
9478
2089
2759
4584
5697
3073
9068
8057
2199
2414
1873
2676
7951
3875
8793
9070
3382
8523
4578
4954
2328
9445
3076
1668
3691
3964
5161
3384
2057
196
2201
96
9432
5584
4080
3770
2903
6705
8206
1159
5911
9353
3356
3760
8211
3486
8310
7620
2654
1049
169
1164
2408
3374
5706
9965
8991
6892
2391
9568
4417
2313
4889
8607
4534
5451
1271
9346
2165
7717
6101
2404
487
8606
8405
7019
3135
9429
2781
3170
6099
7234
2682
1202
2169
2426
3998
444
6573
1134
7796
517
7310
1169
9316
6750
8377
4676
4386
1823
1948
4768
737
9856
8877
1120
1925
4900
2323
3048
3078
4818
7890
6581
6849
3761
3508
435
3496
5407
2403
9269
7337
9774
579
1044
6044
6828
4812
1767
2469
8637
7813
44
4026
4647
2828
5312
2399
5914
6754
1568
3821
5066
2179
1325
6769
7322
9027
1126
6544
1351
6260
5524
408
686
548
5751
2018
8283
9155
888
4148
4895
9315
107
9539
269
2232
8308
7637
9137
1471
7730
4948
4509
7018
7852
6879
4050
8777
1943
8826
1095
4053
1937
2454
2377
533
7917
2972
2703
2292
9243
5010
1785
6266
1443
4560
6693
998
1102
2988
9965
1821
34
8657
7184
8604
4296
6718
7435
8426
7403
2971
1524
5593
750
3863
691
4843
3659
7869
3870
6784
7380
8612
4927
8301
8920
4805
4580
4857
5684
4264
6642
2
5730
1303
455
621
2563
9108
1291
8906
8981
6566
5394
6133
17
2254
8529
616
99
1017
298
3022
4695
9038
341
5730
6141
247
6557
7366
1928
3084
8981
1169
7448
5514
8565
6288
9058
2547
1861
6620
2393
8544
4900
5932
7180
8225
101
1777
3916
1524
1415
7087
887
5076
9856
1724
9638
1161
4821
8625
6783
5645
9080
4461
4456
1631
1295
4809
6857
8032
4621
7670
1260
8459
7759
4403
9380
8002
5525
7178
3543
6643
5290
9610
8842
8649
1298
383
6583
2447
1216
301
9453
2959
2481
2652
2277
3817
8984
4301
4812
2799
2439
5211
1810
5085
455
9709
9853
8614
2980
8152
651
697
807
8097
2642
6627
5425
6143
9174
9246
9041
5135
8998
3702
9555
5889
7763
3740
1030
64
6223
1060
2199
9071
2205
2489
2239
1871
5771
8337
4854
2013
9737
7083
2466
248
2421
7828
9520
0
7124
7992
8414
170
2398
8534
5442
5824
3335
685
7787
1909
6326
3682
4418
6742
3732
836
6300
4156
2050
1286
511
510
5239
5723
4094
8996
2581
8001
1251
1542
8471
8771
1336
691
4089
3250
1170
6541
6804
7470
667
4257
4757
6623
3211
1092
5784
7376
9793
7033
2950
939
6691
1392
5000
8191
9648
3928
2263
1757
1086
6981
498
8643
2214
7069
2443
9887
8728
5052
4958
102
2811
3399
4127
8173
7493
3101
2719
9459
9284
410
3419
8866
8183
5045
4769
2874
3996
8089
8239
8830
5910
7457
7082
2490
906
1372
8536
1249
9206
9409
4362
4854
8895
6588
6282
6032
7942
8613
733
9617
9639
5730
4452
1327
6125
1427
2709
2273
661
4811
9233
1878
5661
6990
7922
3214
4745
2294
9155
5964
3954
5440
6044
291
1051
3827
8312
3198
9650
4704
1316
7132
910
1765
4551
9965
1080
6587
9356
5065
1287
6848
9921
785
1322
2121
9888
5135
1075
5798
5373
3042
9796
7855
3117
1990
1058
1906
545
8142
5305
4315
9939
9211
4394
9742
1208
9910
815
5828
7990
5360
9520
8256
2095
9779
1725
1661
1324
4563
1563
9926
4245
6775
8428
3857
8588
3519
247
9401
2025
5153
8806
7190
7072
3283
4318
6875
959
2343
8986
428
1475
6510
800
106
8715
9386
6149
8253
9252
6085
7964
141
2595
7543
5433
9628
9617
4408
6372
2243
3312
5091
6009
728
3292
9202
4445
8233
4157
524
6315
1400
3081
2136
5900
4434
4326
8396
6516
7741
7613
8759
3129
2574
4426
2855
6431
7221
3040
5783
9743
789
873
1785
1766
404
6427
8684
4681
3051
4839
8154
3878
9386
9803
6065
9766
9004
3670
1772
3839
5202
59
8621
4310
526
575
2537
1138
2158
5501
8463
6267
6803
7849
4903
9856
4414
2466
9588
904
182
944
8965
929
4920
4684
5629
2773
2491
3791
7357
8106
5198
371
7547
7208
177
6117
8626
533
125
2812
9893
8636
5809
1188
49
77
8250
3507
6238
3150
3197
8877
3233
7934
2468
1250
9505
2010
4932
7876
2180
8841
1607
8807
9478
2002
1546
6849
9430
9341
8485
5986
8412
4263
4802
5885
7610
5023
4220
9731
8831
9533
1782
6417
5730
3826
5764
1312
289
2011
5386
8186
1941
5455
7632
1628
8530
3320
6654
6663
9464
9166
9050
2369
9529
5055
7019
2056
3944
283
8424
7335
2938
2187
1234
6369
8700
7649
1643
8409
5264
6459
6626
7188
7525
1793
9853
71
7169
7598
4817
6698
5582
9388
2032
750
5759
8408
6655
2762
3070
1620
9027
481
1875
8795
8952
5728
9106
5359
8686
4627
18
4734
6096
7655
3750
8707
3410
6138
8169
8841
8662
3503
731
5323
1243
6973
4002
9222
9699
4663
2591
6512
2112
1798
927
8033
7258
2067
4554
3599
6255
5873
7547
1337
7671
1910
6093
5417
4867
7979
5678
3660
3634
6393
1074
9550
8719
6227
8247
6782
1067
7666
7424
7137
2354
8907
6193
4258
8749
5309
9702
7815
3747
4871
8448
959
6860
1926
4109
1479
2564
4652
9123
2011
5641
7340
9113
378
5057
3138
1697
771
682
2688
8566
2316
3167
6658
7182
561
6100
3203
8780
2873
6591
6521
9301
9268
9507
8443
3772
9965
